anna_karenina.txt:2.8385221518268727e-06
divine_comedy.txt:2.5258265767472406e-05
first.txt:0.0016420361247947454
first_simple.txt:0.023255813953488372
little_women.txt:5.122557180544528e-06
moby_dick.txt:4.641749753987263e-06
oliver_twist.txt:6.212492079072599e-06
room_with_a_view.txt:1.43682289720969e-05
second.txt:0.0016260162601626016
shakespeare.txt:1.0406325380819478e-06
sherlock.txt:9.311680572109654e-06
third.txt:0.0018587360594795538
war_and_peace.txt:1.7678776628657296e-06
