anna_karenina.txt:2.834467120181406e-06
divine_comedy.txt:2.5227679810287846e-05
first.txt:0.0016420361247947454
first_simple.txt:0.023255813953488372
little_women.txt:5.104723400562541e-06
moby_dick.txt:4.63254641811511e-06
oliver_twist.txt:6.210987236421229e-06
room_with_a_view.txt:1.4359769669294504e-05
second.txt:0.0016260162601626016
shakespeare.txt:1.039555070429856e-06
sherlock.txt:9.297136481963556e-06
third.txt:0.0018587360594795538
war_and_peace.txt:1.7657549485282431e-06
